K= 16 N= 32
メッセージ:           [1 1 0 0 0 0 1 1 0 1 0 1 0 0 1 0]
メッセージもどき：      [0 0 0 0 0 0 0 1 0 0 0 1 0 0 0 0 0 0 0 0 0 1 1 0 0 1 0 1 0 0 1 0]
符号語:              [1 1 0 1 0 1 1 1 1 1 1 0 1 0 1 1 1 1 1 0 0 1 0 0 1 1 0 1 1 0 0 0]
通信路出力:           [0 1 0 0 0 1 1 1 1 1 1 0 1 0 1 1 1 1 1 0 0 1 0 0 1 1 0 1 1 0 0 0]
メッセージもどき推定値:  [0 0 0 0 0 0 0 1 0 0 0 1 0 0 0 0 0 0 0 0 0 1 1 0 0 1 0 1 0 0 1 0]
メッセージ推定値:       [1 1 0 0 0 0 1 1 0 1 0 1 0 0 1 0]
誤り数: 0
[0, 1, 0, 0, 0, 1, 1, 1, 1, 1, 1, 0, 1, 0, 1, 1, 1, 1, 1, 0, 0, 1, 0, 0, 1, 1, 0, 1, 1, 0, 0, 0]


K= 16 N= 32
メッセージ:           [0 0 1 1 0 0 0 0 1 1 1 0 1 0 0 1]
メッセージもどき：      [0 0 0 0 0 0 0 0 0 0 0 0 0 1 1 0 0 0 0 0 0 0 0 1 0 1 1 0 1 0 0 1]
符号語:              [1 1 0 0 1 1 0 0 0 1 1 0 1 0 0 1 0 1 1 0 1 0 0 1 0 0 1 1 0 0 1 1]
通信路出力:           [0 1 0 0 1 1 0 0 0 1 1 0 1 1 0 1 0 1 1 0 0 0 0 1 0 1 1 1 1 0 1 1]
メッセージもどき推定値:  [0 0 0 0 0 0 0 1 0 0 0 0 0 1 1 0 0 0 0 1 0 0 1 1 0 1 1 0 1 0 0 1]
メッセージ推定値:       [1 0 1 1 0 1 0 1 1 1 1 0 1 0 0 1]
誤り数: 3
[1 ,1 ,0 ,0 ,1, 1, 0, 0, 0, 1 ,1 ,0 ,1 ,1 ,0 ,1 ,0 ,1 ,1 ,0 ,0 ,0 ,0 ,1 ,0 ,1 ,1 ,1 ,1 ,0 ,1 ,1]

K= 2 N= 4
メッセージ:           [1 1]
メッセージもどき：      [0 0 1 1]
符号語:              [0 0 1 1]
通信路出力:           [0 1 1 1]
メッセージもどき推定値:  [0 0 0 1]
メッセージ推定値:       [0 1]
誤り数: 1
[0 ,1 ,1, 1]

K= 32 N= 64
メッセージ:             [1 0 0 1 1 0 1 1 0 0 0 0 1 0 1 1 1 1 0 0 1 0 0 0 1 1 0 1 0 1 1 0]
メッセージもどき：        [0 0 0 0 0 0 0 0 0 0 0 0 0 0 0 1 0 0 0 0 0 0 0 0 0 0 0 1 1 0 1 1 0 0 0 0 0 0 0 0 0 0 0 1 0 1 1 1 0 1 0 0 1 0 0 0 1 1 0 1 0 1 1 0]
符号語:                [0 1 1 1 0 1 1 1 0 0 0 1 1 1 1 0 1 1 1 0 1 1 1 0 0 1 1 1 0 1 1 1 0 1 0 0 1 0 1 1 1 1 0 1 1 1 0 1 0 1 1 1 0 1 1 1 1 1 1 0 1 1 1 0]
通信路出力:             [0 1 1 1 0 0 1 1 0 1 0 1 1 1 1 0 1 1 1 0 1 1 1 0 0 1 1 1 0 0 1 1 0 0 0 0 1 0 1 1 1 1 0 1 1 0 0 1 0 1 1 1 0 1 1 1 1 1 1 0 1 1 1 0]
メッセージもどき推定値:    [0 0 0 0 0 0 0 0 0 0 0 0 0 0 0 1 0 0 0 0 0 0 0 0 0 0 0 1 1 0 1 1 0 0 0 0 0 0 0 0 0 0 0 1 0 1 1 1 0 1 0 0 1 0 0 0 1 1 0 1 0 1 1 0]
メッセージもどき推定値:    [0 0 0 0 0 0 0 0 0 0 0 0 0 0 0 0 0 0 0 0 0 0 0 0 0 0 0 0 0 0 0 0 0 0 0 0 0 0 0 0 0 0 0 0 0 0 0 0 0 0 0 0 0 0 0 0 0 0 0 0 0 1 0 1]
 SCメッセージ推定値:      [1 0 0 1 1 0 1 1 0 0 0 0 1 0 1 1 1 1 0 0 1 0 0 0 1 1 0 1 0 1 1 0]
SCLメッセージ推定値:      [0 0 0 0 0 0 0 0 0 0 0 0 0 0 0 0 0 0 0 0 0 0 0 0 0 0 0 0 0 1 0 1]
誤り数: 0
[0 ,1 ,1 ,1 ,0 ,0 ,1 ,1 ,0 ,1 ,0 ,1 ,1 ,1 ,1 ,0 ,1 ,1 ,1 ,0 ,1 ,1 ,1 ,0 ,0 ,1, 1, 1, 0, 0, 1, 1, 0, 0, 0, 0, 1, 0, 1, 1, 1, 1, 0, 1, 1, 0, 0, 1, 0, 1, 1, 1, 0, 1, 1, 1, 1, 1, 1, 0, 1, 1, 1, 0]