$ py main_bsc.py 
K= 16 N= 32 L= 4
メッセージ:              [1 1 0 1 0 1 0 0 1 0 0 1 0 0 0 0]
メッセージもどき：       [0 0 0 0 0 0 0 1 0 0 0 1 0 0 1 0 0 0 0 1 0 0 0 1 0 0 0 1 0 0 0 0]
符号語:                  [0 1 1 1 1 1 1 0 0 1 1 1 1 1 1 0 1 1 0 1 0 1 0 0 1 1 0 1 0 1 0 0]
通信路出力:              [1 1 1 1 1 0 1 0 0 1 1 1 1 1 1 0 1 1 0 1 0 1 0 0 0 1 0 1 0 1 1 0]
7 <class 'decimal.Decimal'> 0.9999999999999999999999999995
11 <class 'decimal.Decimal'> 0.001044680092968613729316943693
13 <class 'decimal.Decimal'> 1
14 <class 'decimal.Decimal'> 1913.461674402833492420291137
15 <class 'decimal.Decimal'> 6.828110363512256516143493035E-8
19 <class 'decimal.Decimal'> 0.0002655470512967782400618260749
21 <class 'decimal.Decimal'> 1.000000000000000346426094739
22 <class 'decimal.Decimal'> 7530.621948852969335496366918
23 <class 'decimal.Decimal'> 4.408372869835278996334184957E-9
25 <class 'decimal.Decimal'> 0.9999999999999999995275617311
26 <class 'decimal.Decimal'> 0.004074579879012529343815728131
27 <class 'decimal.Decimal'> 907304019.0094119289997853042
28 <class 'decimal.Decimal'> 0.9999999999999999999999999990
29 <class 'decimal.Decimal'> 60241.97532524144000108895859
30 <class 'decimal.Decimal'> 3629155832.062322052031187509
31 <class 'decimal.Decimal'> 793472837370978656067081.6902
 SCメッセージ？推定値:   [0 0 0 0 0 0 0 1 0 0 0 1 0 1 0 1 0 0 0 1 0 0 0 1 0 1 1 0 1 0 0 0]
LRメッセージ推定値:      [1 1 1 0 1 1 0 0 1 1 1 0 1 0 0 0]
7 <class 'decimal.Decimal'> 1
11 <class 'decimal.Decimal'> 0.001044680092968613955763091883
13 <class 'decimal.Decimal'> 0.9999999999999999999999999978
14 <class 'decimal.Decimal'> 1913.461674402833077439212299
15 <class 'decimal.Decimal'> 6.828110363512259477830188869E-8
19 <class 'decimal.Decimal'> 0.0002655470512967782981137800725
21 <class 'decimal.Decimal'> 1
22 <class 'decimal.Decimal'> 0.0001327911567984522076161980992
23 <class 'decimal.Decimal'> 226841065.7461841934134759482
25 <class 'decimal.Decimal'> 0.00006693767689930411008670703299
26 <class 'decimal.Decimal'> 5.410322564335521221775289624E-7
27 <class 'decimal.Decimal'> 13665127059428.59167214433144
28 <class 'decimal.Decimal'> 30120.98767092056879583528295
29 <class 'decimal.Decimal'> 3629095591.086995646117769483
30 <class 'decimal.Decimal'> 109317387168988.2327431635766
31 <class 'decimal.Decimal'> 4.780116454981789241207196567E+28
 SCメッセージ？推定値:   [0 0 0 0 0 0 0 1 0 0 0 1 0 1 0 1 0 0 0 1 0 1 1 0 0 1 1 0 0 0 0 0]
Wメッセージ推定値:       [1 1 1 0 1 1 1 1 0 1 1 0 0 0 0 0]
LR誤り数: 7
 W誤り数: 9


K=16, N=32, P=0.06
送信: 16000, LR復号誤り: 526
FER__LR: 0.092
FER___W: 0.082
BER__LR: 0.0348125
BER___W: 0.032875
実行時間: 372.24151396751404

K=32, N=64, P=0.06
送信メッセージ数: 320000, _W復号誤り: 11181, LR復号誤り: 10920
FER__W: 0.1324
FER_LR: 0.1296
BER__W: 0.034940625
BER_LR: 0.034125
実行時間: 507.6653938293457
K=16, N=32, P=0.06
送信メッセージ数: 320000, _W復号誤り: 10755, LR復号誤り: 10245
FER__W: 0.08395
FER_LR: 0.0818
BER__W: 0.033609375
BER_LR: 0.032015625
実行時間: 533.7584836483002
送信メッセージ数: 320000, _W復号誤り: 9950, LR復号誤り: 9801
FER__W: 0.0784
FER_LR: 0.07915
BER__W: 0.03109375
BER_LR: 0.030628125
実行時間: 551.4733707904816
K=16, N=32, L=8, P=0.06
送信メッセージ数: 160000, _W復号誤り: 5602, LR復号誤り: 5562
FER__W: 0.0856
FER_LR: 0.0863
BER__W: 0.0350125
BER_LR: 0.0347625
実行時間: 260.90664625167847