$ py main_bsc.py 
K= 8 N= 16 L= 4
メッセージ:              [1 0 1 0 1 1 1 1]
メッセージもどき：       [0 0 0 0 0 0 1 0 0 0 1 0 1 1 1 1]
符号語:                  [0 1 1 0 0 1 1 0 0 0 0 0 1 1 1 1]
通信路出力:              [0 0 1 0 0 1 1 1 0 0 0 0 1 1 1 1]
 SCメッセージ？推定値:   [0 0 0 0 0 0 1 0 0 0 1 0 1 1 1 1]
SC メッセージ推定値:     [1 0 1 0 1 1 1 1]
[0 0 0 0 0 0 0] 1.894135014208618188974952220E-7
[0 0 0 0 0 0 1] 1.894135014208618188974952220E-7
[1 0 7 6]
----------------------------------------------------------------
[0 0 0 0 0 0 1 0] 1.893640193656869303660436011E-7
[0 0 0 0 0 0 1 1] 4.948205517488853145162091225E-11
[0 0 0 0 0 0 0 0] 1.893640193656869303660436011E-7
[0 0 0 0 0 0 0 1] 4.948205517488853145162091225E-11
[2 0 3 1]
----------------------------------------------------------------
[0 0 0 0 0 0 0 0 0 0 0] 4.658192376990771040793258353E-8
[0 0 0 0 0 0 0 0 0 0 1] 4.658192376990771040793258353E-8
[0 0 0 0 0 0 1 0 0 0 0] 4.658192376990771040793258353E-8
[0 0 0 0 0 0 1 0 0 0 1] 4.658192376990771040793258353E-8
[0 0 0 0 0 0 0 1 0 0 0] 6.185256896861066431452614038E-12
[0 0 0 0 0 0 0 1 0 0 1] 6.185256896861066431452614038E-12
[0 0 0 0 0 0 1 1 0 0 0] 6.185256896861066431452614038E-12
[0 0 0 0 0 0 1 1 0 0 1] 6.185256896861066431452614038E-12
[3 2 1 0]
----------------------------------------------------------------
[0 0 0 0 0 0 1 0 0 0 1 0] 4.657883114145927987471685722E-8
[0 0 0 0 0 0 1 0 0 0 1 1] 3.092628448430533215726307018E-12
[0 0 0 0 0 0 1 0 0 0 0 0] 4.657883114145927987471685722E-8
[0 0 0 0 0 0 1 0 0 0 0 1] 3.092628448430533215726307018E-12
[0 0 0 0 0 0 0 0 0 0 1 0] 4.657883114145927987471685722E-8
[0 0 0 0 0 0 0 0 0 0 1 1] 3.092628448430533215726307018E-12
[0 0 0 0 0 0 0 0 0 0 0 0] 4.657883114145927987471685722E-8
[0 0 0 0 0 0 0 0 0 0 0 1] 3.092628448430533215726307018E-12
[6 4 2 0]
----------------------------------------------------------------
[0 0 0 0 0 0 0 0 0 0 0 0 0] 4.620083691992648404953556201E-8
[0 0 0 0 0 0 0 0 0 0 0 0 1] 3.779942215327958251812952180E-10
[0 0 0 0 0 0 0 0 0 0 1 0 0] 3.779942215327958251812952180E-10
[0 0 0 0 0 0 0 0 0 0 1 0 1] 4.620083691992648404953556201E-8
[0 0 0 0 0 0 1 0 0 0 0 0 0] 4.620083691992648404953556201E-8
[0 0 0 0 0 0 1 0 0 0 0 0 1] 3.779942215327958251812952180E-10
[0 0 0 0 0 0 1 0 0 0 1 0 0] 3.779942215327958251812952180E-10
[0 0 0 0 0 0 1 0 0 0 1 0 1] 4.620083691992648404953556201E-8
[7 4 3 0]
----------------------------------------------------------------
[0 0 0 0 0 0 1 0 0 0 1 0 1 0] 1.249806814302510431148074399E-14
[0 0 0 0 0 0 1 0 0 0 1 0 1 1] 4.620082442185834102443125053E-8
[0 0 0 0 0 0 1 0 0 0 0 0 0 0] 1.249806814302510431148074399E-14
[0 0 0 0 0 0 1 0 0 0 0 0 0 1] 4.620082442185834102443125053E-8
[0 0 0 0 0 0 0 0 0 0 1 0 1 0] 1.249806814302510431148074399E-14
[0 0 0 0 0 0 0 0 0 0 1 0 1 1] 4.620082442185834102443125053E-8
[0 0 0 0 0 0 0 0 0 0 0 0 0 0] 1.249806814302510431148074399E-14
[0 0 0 0 0 0 0 0 0 0 0 0 0 1] 4.620082442185834102443125053E-8
[7 5 3 1]
----------------------------------------------------------------
[0 0 0 0 0 0 0 0 0 0 0 0 0 1 0] 4.620005751378030490367947468E-8
[0 0 0 0 0 0 0 0 0 0 0 0 0 1 1] 7.669080780361207517758363825E-13
[0 0 0 0 0 0 0 0 0 0 1 0 1 1 0] 4.620005751378030490367947468E-8
[0 0 0 0 0 0 0 0 0 0 1 0 1 1 1] 7.669080780361207517758363825E-13
[0 0 0 0 0 0 1 0 0 0 0 0 0 1 0] 4.620005751378030490367947468E-8
[0 0 0 0 0 0 1 0 0 0 0 0 0 1 1] 7.669080780361207517758363825E-13
[0 0 0 0 0 0 1 0 0 0 1 0 1 1 0] 7.669080780361207517758363825E-13
[0 0 0 0 0 0 1 0 0 0 1 0 1 1 1] 4.620005751378030490367947468E-8
[7 4 2 0]
----------------------------------------------------------------
[0 0 0 0 0 0 1 0 0 0 1 0 1 1 1 0] 2.113115704199998665591612613E-22
[0 0 0 0 0 0 1 0 0 0 1 0 1 1 1 1] 4.620005751378009359210905468E-8
[0 0 0 0 0 0 1 0 0 0 0 0 0 1 0 0] 2.113115704199998665591612613E-22
[0 0 0 0 0 0 1 0 0 0 0 0 0 1 0 1] 4.620005751378009359210905468E-8
[0 0 0 0 0 0 0 0 0 0 1 0 1 1 0 0] 2.113115704199998665591612613E-22
[0 0 0 0 0 0 0 0 0 0 1 0 1 1 0 1] 4.620005751378009359210905468E-8
[0 0 0 0 0 0 0 0 0 0 0 0 0 1 0 0] 2.113115704199998665591612613E-22
[0 0 0 0 0 0 0 0 0 0 0 0 0 1 0 1] 4.620005751378009359210905468E-8
[7 5 3 1]
----------------------------------------------------------------
最終的な候補
[0 0 0 0 0 0 0 0 0 0 0 0 0 1 0 1]
[0 0 0 0 0 0 0 0 0 0 1 0 1 1 0 1]
[0 0 0 0 0 0 1 0 0 0 0 0 0 1 0 1]
[0 0 0 0 0 0 1 0 0 0 1 0 1 1 1 1]
SCLメッセージ？推定値:   [0 0 0 0 0 0 0 0 0 0 0 0 0 1 0 1]
SCLメッセージ推定値:     [0 0 0 0 0 1 0 1]
 SC誤り数: 0
SCL誤り数: 4