$ py main_bsc.py
K= 16 N= 32 L= 2
メッセージ:              [1 0 0 0 1 1 0 1 1 1 1 1 1 0 0 0]
メッセージもどき：       [0 0 0 0 0 0 0 1 0 0 0 0 0 0 0 1 0 0 0 1 0 0 1 1 0 1 1 1 1 0 0 0]
符号語:                  [1 1 1 0 1 1 0 1 1 1 1 0 0 0 1 0 0 0 1 0 1 1 1 0 1 1 0 1 1 1 1 0]
通信路出力:              [1 0 1 0 1 0 0 1 1 1 1 0 0 0 1 0 0 0 1 1 1 1 1 0 1 1 0 1 1 1 1 1]
--------------------0--------------------
--------------------1--------------------
--------------------2--------------------
--------------------3--------------------
--------------------4--------------------
--------------------5--------------------
--------------------6--------------------
--------------------7--------------------
[0 0 0 0 0 0 0 0] 3.058734672037530837054456008E-13
[0 0 0 0 0 0 0 1] 3.058734672037530837054456008E-13
[1 0]
--------------------8--------------------
--------------------9--------------------
--------------------10--------------------
--------------------11--------------------
[0 0 0 0 0 0 0 1 0 0 0 0] 3.703708871878122677760433714E-14
[0 0 0 0 0 0 0 1 0 0 0 1] 1.197094681687908685576362960E-15
[0 0 0 0 0 0 0 0 0 0 0 0] 3.703708871878122677760433714E-14
[0 0 0 0 0 0 0 0 0 0 0 1] 1.197094681687908685576362960E-15
[2 0]
--------------------12--------------------
--------------------13--------------------
[0 0 0 0 0 0 0 0 0 0 0 0 0 0] 1.793873726025544223915208368E-14
[0 0 0 0 0 0 0 0 0 0 0 0 0 1] 5.798070991351711496500848934E-16
[0 0 0 0 0 0 0 1 0 0 0 0 0 0] 1.793873726025544223915208368E-14
[0 0 0 0 0 0 0 1 0 0 0 0 0 1] 5.798070991351711496500848934E-16
[2 0]
--------------------14--------------------
[0 0 0 0 0 0 0 1 0 0 0 0 0 0 0] 1.792936713940105064258303538E-14
[0 0 0 0 0 0 0 1 0 0 0 0 0 0 1] 9.370120854391596569048293322E-18
[0 0 0 0 0 0 0 0 0 0 0 0 0 0 0] 9.370120854391596569048293322E-18
[0 0 0 0 0 0 0 0 0 0 0 0 0 0 1] 1.792936713940105064258303538E-14
[3 0]
--------------------15--------------------
[0 0 0 0 0 0 0 0 0 0 0 0 0 0 1 0] 1.792936591516415847722465695E-14
[0 0 0 0 0 0 0 0 0 0 0 0 0 0 1 1] 1.224236892165358378434062835E-21
[0 0 0 0 0 0 0 1 0 0 0 0 0 0 0 0] 1.224236892165358378434062835E-21
[0 0 0 0 0 0 0 1 0 0 0 0 0 0 0 1] 1.792936591516415847722465695E-14
[3 0]
--------------------16--------------------
--------------------17--------------------
--------------------18--------------------
--------------------19--------------------
[0 0 0 0 0 0 0 1 0 0 0 0 0 0 0 1 0 0 0 0] 3.593566068157698152206585270E-17
[0 0 0 0 0 0 0 1 0 0 0 0 0 0 0 1 0 0 0 1] 2.205235078713942828131016266E-15
[0 0 0 0 0 0 0 0 0 0 0 0 0 0 1 0 0 0 0 0] 3.593566068157698152206585270E-17
[0 0 0 0 0 0 0 0 0 0 0 0 0 0 1 0 0 0 0 1] 2.205235078713942828131016266E-15
[3 1]
--------------------20--------------------
--------------------21--------------------
[0 0 0 0 0 0 0 0 0 0 0 0 0 0 1 0 0 0 0 1 0 0] 1.084937811052748361811841782E-15
[0 0 0 0 0 0 0 0 0 0 0 0 0 0 1 0 0 0 0 1 0 1] 1.767972830422305225366635114E-17
[0 0 0 0 0 0 0 1 0 0 0 0 0 0 0 1 0 0 0 1 0 0] 1.084937811052748361811841782E-15
[0 0 0 0 0 0 0 1 0 0 0 0 0 0 0 1 0 0 0 1 0 1] 1.767972830422305225366635114E-17
[2 0]
--------------------22--------------------
[0 0 0 0 0 0 0 1 0 0 0 0 0 0 0 1 0 0 0 1 0 0 0] 1.440510182827192536832876050E-19
[0 0 0 0 0 0 0 1 0 0 0 0 0 0 0 1 0 0 0 1 0 0 1] 1.084793760034465642558158495E-15
[0 0 0 0 0 0 0 0 0 0 0 0 0 0 1 0 0 0 0 1 0 0 0] 1.440510182827192536832876050E-19
[0 0 0 0 0 0 0 0 0 0 0 0 0 0 1 0 0 0 0 1 0 0 1] 1.084793760034465642558158495E-15
[3 1]
--------------------23--------------------
[0 0 0 0 0 0 0 0 0 0 0 0 0 0 1 0 0 0 0 1 0 0 1 0] 1.084793755252290282537227329E-15
[0 0 0 0 0 0 0 0 0 0 0 0 0 0 1 0 0 0 0 1 0 0 1 1] 4.782175360020931165758057950E-24
[0 0 0 0 0 0 0 1 0 0 0 0 0 0 0 1 0 0 0 1 0 0 1 0] 4.782175360020931165758057950E-24
[0 0 0 0 0 0 0 1 0 0 0 0 0 0 0 1 0 0 0 1 0 0 1 1] 1.084793755252290282537227329E-15
[3 0]
--------------------24--------------------
--------------------25--------------------
[0 0 0 0 0 0 0 1 0 0 0 0 0 0 0 1 0 0 0 1 0 0 1 1 0 0] 7.143981575609228186299512654E-20
[0 0 0 0 0 0 0 1 0 0 0 0 0 0 0 1 0 0 0 1 0 0 1 1 0 1] 1.067258666050822896892688497E-15
[0 0 0 0 0 0 0 0 0 0 0 0 0 0 1 0 0 0 0 1 0 0 1 0 0 0] 7.143981575609228186299512654E-20
[0 0 0 0 0 0 0 0 0 0 0 0 0 0 1 0 0 0 0 1 0 0 1 0 0 1] 1.067258666050822896892688497E-15
[3 1]
--------------------26--------------------
[0 0 0 0 0 0 0 0 0 0 0 0 0 0 1 0 0 0 0 1 0 0 1 0 0 1 0] 1.814895376605781549136423710E-20
[0 0 0 0 0 0 0 0 0 0 0 0 0 0 1 0 0 0 0 1 0 0 1 0 0 1 1] 1.067240517097056839077197132E-15
[0 0 0 0 0 0 0 1 0 0 0 0 0 0 0 1 0 0 0 1 0 0 1 1 0 1 0] 1.814895376605781549136423710E-20
[0 0 0 0 0 0 0 1 0 0 0 0 0 0 0 1 0 0 0 1 0 0 1 1 0 1 1] 1.067240517097056839077197132E-15
[3 1]
--------------------27--------------------
[0 0 0 0 0 0 0 1 0 0 0 0 0 0 0 1 0 0 0 1 0 0 1 1 0 1 1 0] 4.831485136192857911986807570E-27
[0 0 0 0 0 0 0 1 0 0 0 0 0 0 0 1 0 0 0 1 0 0 1 1 0 1 1 1] 1.067240517092225353941004274E-15
[0 0 0 0 0 0 0 0 0 0 0 0 0 0 1 0 0 0 0 1 0 0 1 0 0 1 1 0] 4.831485136192857911986807570E-27
[0 0 0 0 0 0 0 0 0 0 0 0 0 0 1 0 0 0 0 1 0 0 1 0 0 1 1 1] 1.067240517092225353941004274E-15
[3 1]
--------------------28--------------------
[0 0 0 0 0 0 0 0 0 0 0 0 0 0 1 0 0 0 0 1 0 0 1 0 0 1 1 1 0] 1.785995152328050236931982564E-20
[0 0 0 0 0 0 0 0 0 0 0 0 0 0 1 0 0 0 0 1 0 0 1 0 0 1 1 1 1] 1.067222657140702073438634955E-15
[0 0 0 0 0 0 0 1 0 0 0 0 0 0 0 1 0 0 0 1 0 0 1 1 0 1 1 1 0] 1.785995152328050236931982564E-20
[0 0 0 0 0 0 0 1 0 0 0 0 0 0 0 1 0 0 0 1 0 0 1 1 0 1 1 1 1] 1.067222657140702073438634955E-15
[3 1]
--------------------29--------------------
[0 0 0 0 0 0 0 1 0 0 0 0 0 0 0 1 0 0 0 1 0 0 1 1 0 1 1 1 1 0] 1.067222657138305856083951988E-15
[0 0 0 0 0 0 0 1 0 0 0 0 0 0 0 1 0 0 0 1 0 0 1 1 0 1 1 1 1 1] 2.396217354682966554316288332E-27
[0 0 0 0 0 0 0 0 0 0 0 0 0 0 1 0 0 0 0 1 0 0 1 0 0 1 1 1 1 0] 1.067222657138305856083951988E-15
[0 0 0 0 0 0 0 0 0 0 0 0 0 0 1 0 0 0 0 1 0 0 1 0 0 1 1 1 1 1] 2.396217354682966554316288332E-27
[2 0]
--------------------30--------------------
[0 0 0 0 0 0 0 0 0 0 0 0 0 0 1 0 0 0 0 1 0 0 1 0 0 1 1 1 1 0 0] 9.762606706731200838557726448E-30
[0 0 0 0 0 0 0 0 0 0 0 0 0 0 1 0 0 0 0 1 0 0 1 0 0 1 1 1 1 0 1] 1.067222657138296093477245257E-15
[0 0 0 0 0 0 0 1 0 0 0 0 0 0 0 1 0 0 0 1 0 0 1 1 0 1 1 1 1 0 0] 1.067222657138296093477245257E-15
[0 0 0 0 0 0 0 1 0 0 0 0 0 0 0 1 0 0 0 1 0 0 1 1 0 1 1 1 1 0 1] 9.762606706731200838557726448E-30
[2 1]
--------------------31--------------------
[0 0 0 0 0 0 0 1 0 0 0 0 0 0 0 1 0 0 0 1 0 0 1 1 0 1 1 1 1 0 0 0] 1.067222657138296093477245257E-15
[0 0 0 0 0 0 0 1 0 0 0 0 0 0 0 1 0 0 0 1 0 0 1 1 0 1 1 1 1 0 0 1] 2.232628989668330948820000000E-44
[0 0 0 0 0 0 0 0 0 0 0 0 0 0 1 0 0 0 0 1 0 0 1 0 0 1 1 1 1 0 1 0] 2.232628989668330948820000000E-44
[0 0 0 0 0 0 0 0 0 0 0 0 0 0 1 0 0 0 0 1 0 0 1 0 0 1 1 1 1 0 1 1] 1.067222657138296093477245257E-15
[3 0]
SCLメッセージ推定値:     [0 0 0 1 0 1 0 1 0 1 1 1 1 0 1 1]
SCメッセージ推定値:      [1 0 0 0 1 1 0 1 1 1 1 1 1 0 0 0]
本当のメッセージ:        [1 0 0 0 1 1 0 1 1 1 1 1 1 0 0 0]
SC誤り数: 0
SCL誤り数: 6